1	289
1	290
1	331
1	333
1	360
1	361
1	374
1	415
1	418
1	421
2	18
2	23
2	39
2	78
2	122
2	225
2	279
2	313
2	327
2	345
3	25
3	110
3	146
3	149
3	184
3	190
3	228
3	231
3	272
3	491
4	15
4	55
4	61
4	64
4	74
4	91
4	95
4	100
4	121
4	350
5	257
5	320
5	422
5	429
5	471
5	484
5	485
5	486
5	495
5	499
6	202
6	229
6	353
6	359
6	447
6	468
6	476
6	479
6	491
6	500
7	35
7	74
7	147
7	159
7	169
7	198
7	201
7	210
7	221
7	224
8	12
8	182
8	191
8	254
8	366
8	385
8	391
8	393
8	402
8	485
9	30
9	59
9	133
9	169
9	198
9	201
9	210
9	221
9	224
9	459
10	23
10	102
10	143
10	247
10	276
10	279
10	313
10	327
10	345
10	488
11	239
11	285
11	383
11	429
11	465
11	484
11	485
11	486
11	495
11	499
12	8
12	182
12	250
12	304
12	325
12	366
12	381
12	385
12	391
12	402
13	40
13	69
13	79
13	83
13	111
13	116
13	135
13	163
13	181
13	307
14	89
14	202
14	328
14	415
14	428
14	435
14	446
14	450
14	460
14	480
15	4
15	24
15	55
15	61
15	64
15	74
15	91
15	100
15	121
15	418
16	85
16	104
16	128
16	139
16	148
16	156
16	226
16	242
16	252
16	330
17	69
17	79
17	83
17	99
17	111
17	116
17	135
17	157
17	163
17	181
18	2
18	78
18	225
18	247
18	276
18	279
18	313
18	327
18	345
18	428
19	259
19	420
19	436
19	439
19	448
19	474
19	478
19	494
19	498
19	500
20	75
20	129
20	143
20	217
20	276
20	279
20	313
20	327
20	345
20	489
21	182
21	207
21	250
21	325
21	381
21	385
21	391
21	393
21	402
21	436
22	96
22	171
22	291
22	357
22	358
22	380
22	484
22	486
22	490
22	499
23	2
23	10
23	102
23	122
23	217
23	276
23	313
23	327
23	345
23	405
24	15
24	55
24	61
24	64
24	74
24	78
24	91
24	95
24	100
24	121
25	3
25	184
25	187
25	190
25	197
25	213
25	228
25	231
25	272
25	465
26	51
26	255
26	351
26	356
26	428
26	444
26	446
26	460
26	467
26	500
27	28
27	302
27	328
27	340
27	384
27	420
27	442
27	446
27	450
27	467
28	27
28	67
28	347
28	448
28	477
28	478
28	479
28	490
28	491
28	498
29	50
29	179
29	223
29	248
29	274
29	288
29	301
29	303
29	312
29	476
30	9
30	35
30	147
30	159
30	169
30	198
30	201
30	210
30	224
30	475
31	88
31	176
31	235
31	256
31	283
31	333
31	360
31	374
31	418
31	421
32	162
32	245
32	350
32	412
32	474
32	477
32	488
32	490
32	491
32	497
33	121
33	122
33	129
33	143
33	217
33	225
33	276
33	279
33	327
33	345
34	211
34	227
34	236
34	277
34	321
34	346
34	348
34	364
34	367
34	368
35	7
35	30
35	133
35	147
35	169
35	198
35	201
35	210
35	221
35	405
36	289
36	293
36	383
36	429
36	465
36	484
36	485
36	486
36	495
36	499
37	199
37	273
37	363
37	414
37	438
37	451
37	457
37	459
37	483
37	492
38	176
38	331
38	333
38	342
38	360
38	361
38	374
38	418
38	421
38	464
39	2
39	54
39	120
39	194
39	476
39	477
39	489
39	497
39	498
39	500
40	13
40	79
40	83
40	99
40	111
40	116
40	135
40	163
40	169
40	181
41	230
41	373
41	403
41	423
41	432
41	456
41	470
41	473
41	480
41	487
42	81
42	130
42	235
42	264
42	289
42	342
42	361
42	374
42	418
42	421
43	94
43	197
43	207
43	237
43	304
43	325
43	366
43	385
43	393
43	402
44	110
44	222
44	334
44	375
44	404
44	408
44	424
44	431
44	434
44	445
45	262
45	289
45	329
45	354
45	452
45	455
45	462
45	475
45	481
45	482
46	261
46	328
46	396
46	426
46	435
46	446
46	460
46	464
46	467
46	476
47	421
47	458
47	472
47	474
47	476
47	478
47	490
47	491
47	497
47	500
48	193
48	257
48	262
48	411
48	412
48	441
48	452
48	462
48	475
48	481
48	482
49	52
49	90
49	306
49	323
49	430
49	432
49	454
49	470
49	473
49	480
49	487
50	29
50	75
50	119
50	124
50	248
50	274
50	285
50	301
50	303
50	330
50	414
51	26
51	204
51	362
51	428
51	435
51	442
51	450
51	460
51	464
51	467
51	488
52	49
52	136
52	215
52	263
52	305
52	399
52	437
52	456
52	470
52	473
52	487
53	314
53	315
53	378
53	438
53	449
53	457
53	459
53	466
53	493
53	495
53	496
54	39
54	212
54	439
54	447
54	468
54	477
54	478
54	494
54	497
54	499
54	500
55	4
55	15
55	24
55	61
55	64
55	74
55	91
55	95
55	100
55	121
55	240
56	157
56	188
56	191
56	207
56	297
56	325
56	381
56	385
56	391
56	393
56	402
57	185
57	400
57	405
57	418
57	425
57	438
57	440
57	443
57	463
57	483
57	493
58	77
58	168
58	305
58	373
58	423
58	437
58	454
58	456
58	473
58	480
58	487
59	9
59	133
59	147
59	159
59	169
59	172
59	198
59	201
59	210
59	221
59	224
60	115
60	280
60	341
60	372
60	412
60	452
60	455
60	469
60	475
60	481
60	482
61	4
61	15
61	24
61	55
61	64
61	74
61	91
61	95
61	100
61	114
61	121
62	76
62	110
62	146
62	187
62	190
62	197
62	213
62	228
62	231
62	272
62	472
63	157
63	182
63	188
63	191
63	207
63	254
63	255
63	381
63	391
63	393
63	402
64	4
64	15
64	24
64	55
64	61
64	74
64	91
64	95
64	100
64	121
64	381
65	82
65	235
65	290
65	333
65	342
65	360
65	361
65	374
65	418
65	421
65	442
66	257
66	339
66	371
66	411
66	441
66	452
66	461
66	469
66	475
66	481
66	482
67	28
67	92
67	135
67	392
67	398
67	427
67	436
67	472
67	488
67	489
67	494
68	72
68	85
68	104
68	128
68	139
68	148
68	156
68	199
68	242
68	252
68	472
69	13
69	17
69	83
69	99
69	111
69	116
69	135
69	163
69	181
69	419
69	459
70	194
70	248
70	338
70	350
70	439
70	468
70	476
70	478
70	489
70	497
70	500
71	175
71	179
71	180
71	206
71	223
71	274
71	285
71	288
71	301
71	330
71	446
72	68
72	139
72	151
72	152
72	156
72	183
72	199
72	226
72	242
72	252
72	308
73	123
73	251
73	287
73	295
73	299
73	344
73	388
73	404
73	408
73	434
73	445
74	4
74	7
74	15
74	24
74	55
74	61
74	64
74	91
74	95
74	100
74	121
75	20
75	50
75	98
75	180
75	206
75	248
75	285
75	288
75	303
75	312
75	330
76	62
76	149
76	184
76	187
76	190
76	197
76	228
76	231
76	272
76	286
76	487
77	58
77	92
77	111
77	448
77	458
77	468
77	472
77	489
77	490
77	497
77	500
78	2
78	18
78	24
78	122
78	143
78	225
78	247
78	276
78	313
78	327
78	345
79	13
79	17
79	40
79	83
79	99
79	111
79	116
79	135
79	163
79	181
79	271
80	310
80	332
80	403
80	432
80	454
80	456
80	463
80	470
80	473
80	480
80	487
81	42
81	256
81	289
81	331
81	333
81	342
81	360
81	361
81	418
81	421
81	454
82	65
82	140
82	209
82	256
82	289
82	290
82	333
82	360
82	418
82	421
82	480
83	13
83	17
83	40
83	69
83	79
83	99
83	111
83	116
83	135
83	163
83	181
84	219
84	234
84	394
84	395
84	419
84	422
84	425
84	453
84	471
84	484
84	499
85	16
85	68
85	104
85	139
85	148
85	152
85	156
85	183
85	199
85	252
85	480
86	316
86	319
86	363
86	398
86	407
86	425
86	433
86	457
86	461
86	463
86	493
87	244
87	429
87	447
87	448
87	458
87	488
87	490
87	491
87	494
87	498
87	500
88	31
88	104
88	107
88	289
88	290
88	331
88	333
88	342
88	361
88	418
88	421
89	14
89	298
89	308
89	356
89	362
89	409
89	415
89	435
89	460
89	464
89	467
90	49
90	203
90	376
90	398
90	447
90	448
90	458
90	468
90	472
90	478
90	500
91	4
91	15
91	24
91	55
91	61
91	64
91	74
91	95
91	100
91	121
91	401
92	67
92	77
92	439
92	470
92	474
92	476
92	477
92	488
92	490
92	491
92	500
93	282
93	373
93	399
93	403
93	410
93	432
93	454
93	470
93	473
93	480
93	487
94	43
94	214
94	304
94	325
94	366
94	381
94	385
94	391
94	393
94	402
94	449
95	4
95	24
95	55
95	61
95	64
95	74
95	91
95	100
95	121
95	357
95	431
96	22
96	337
96	380
96	394
96	419
96	429
96	465
96	484
96	485
96	486
96	495
97	260
97	332
97	403
97	416
97	423
97	454
97	468
97	470
97	473
97	480
97	487
98	75
98	101
98	124
98	179
98	248
98	274
98	285
98	301
98	303
98	312
98	330
99	17
99	40
99	69
99	79
99	83
99	111
99	116
99	135
99	163
99	181
99	461
100	4
100	15
100	24
100	55
100	61
100	64
100	74
100	91
100	95
100	121
100	395
101	98
101	387
101	394
101	395
101	422
101	465
101	484
101	485
101	486
101	495
101	499
102	10
102	23
102	143
102	217
102	247
102	266
102	276
102	279
102	313
102	327
102	345
102	477
103	260
103	399
103	416
103	430
103	437
103	454
103	456
103	470
103	473
103	480
103	484
103	487
104	16
104	68
104	85
104	88
104	128
104	151
104	152
104	156
104	183
104	199
104	226
104	242
105	164
105	211
105	220
105	236
105	281
105	283
105	346
105	348
105	364
105	367
105	368
105	374
106	174
106	211
106	226
106	227
106	270
106	281
106	306
106	321
106	346
106	348
106	367
106	368
107	88
107	222
107	275
107	297
107	413
107	419
107	465
107	471
107	484
107	486
107	495
107	499
108	260
108	399
108	403
108	416
108	432
108	437
108	456
108	470
108	473
108	480
108	487
108	489
109	232
109	358
109	380
109	383
109	395
109	429
109	456
109	471
109	485
109	486
109	495
109	499
110	3
110	44
110	62
110	146
110	149
110	184
110	187
110	197
110	213
110	228
110	231
110	272
111	13
111	17
111	40
111	69
111	77
111	79
111	83
111	99
111	116
111	135
111	163
111	181
112	251
112	254
112	295
112	349
112	355
112	375
112	388
112	406
112	408
112	431
112	434
112	445
113	280
113	287
113	300
113	349
113	355
113	393
113	404
113	406
113	424
113	431
113	434
113	445
114	61
114	177
114	246
114	257
114	344
114	354
114	412
114	455
114	462
114	469
114	481
114	482
115	60
115	186
115	307
115	409
115	411
115	441
115	452
115	455
115	469
115	475
115	481
115	482
116	13
116	17
116	40
116	69
116	79
116	83
116	99
116	111
116	135
116	163
116	181
116	361
117	317
117	344
117	379
117	409
117	411
117	412
117	455
117	462
117	469
117	475
117	481
117	482
118	275
118	336
118	358
118	400
118	429
118	453
118	465
118	478
118	484
118	486
118	495
118	499
119	50
119	124
119	179
119	206
119	274
119	285
119	288
119	301
119	303
119	312
119	330
119	426
120	39
120	207
120	347
120	376
120	390
120	436
120	468
120	474
120	479
120	488
120	490
120	497
121	4
121	15
121	24
121	33
121	55
121	61
121	64
121	74
121	91
121	95
121	100
121	456
122	2
122	23
122	33
122	78
122	217
122	247
122	279
122	313
122	327
122	345
122	347
122	471
123	73
123	251
123	300
123	318
123	334
123	355
123	388
123	424
123	431
123	434
123	445
123	447
124	50
124	98
124	119
124	180
124	206
124	274
124	288
124	301
124	303
124	312
124	330
124	494
125	144
125	188
125	305
125	326
125	399
125	416
125	430
125	432
125	437
125	454
125	456
125	473
126	200
126	280
126	292
126	318
126	334
126	388
126	404
126	408
126	424
126	431
126	434
126	445
127	286
127	317
127	337
127	343
127	379
127	410
127	417
127	433
127	443
127	449
127	463
127	496
128	16
128	68
128	104
128	148
128	151
128	152
128	156
128	199
128	226
128	242
128	252
128	422
129	20
129	33
129	217
129	225
129	247
129	276
129	279
129	313
129	327
129	329
129	345
129	362
130	42
130	140
130	209
130	256
130	333
130	342
130	357
130	360
130	361
130	374
130	418
130	421
131	172
131	307
131	329
131	339
131	412
131	443
131	452
131	455
131	462
131	469
131	481
131	482
132	148
132	307
132	322
132	377
132	411
132	452
132	455
132	462
132	469
132	475
132	481
132	482
133	9
133	35
133	59
133	147
133	159
133	198
133	201
133	210
133	221
133	224
133	259
133	424
134	200
134	202
134	255
134	268
134	351
134	415
134	428
134	442
134	444
134	450
134	464
134	467
135	13
135	17
135	40
135	67
135	69
135	79
135	83
135	99
135	111
135	116
135	163
135	181
136	52
136	171
136	230
136	336
136	358
136	413
136	419
136	453
136	471
136	485
136	495
136	499
137	261
137	370
137	379
137	405
137	410
137	417
137	457
137	466
137	483
137	492
137	493
137	496
138	208
138	405
138	414
138	433
138	440
138	449
138	459
138	466
138	468
138	470
138	492
138	496
139	16
139	68
139	72
139	85
139	148
139	152
139	183
139	226
139	242
139	248
139	252
139	492
140	82
140	130
140	141
140	176
140	195
140	235
140	256
140	331
140	342
140	418
140	421
140	430
141	140
141	209
141	290
141	331
141	333
141	342
141	360
141	361
141	374
141	418
141	421
141	444
142	245
142	347
142	385
142	398
142	401
142	472
142	478
142	486
142	494
142	497
142	498
142	500
143	10
143	20
143	33
143	78
143	102
143	175
143	247
143	276
143	279
143	313
143	327
143	345
144	125
144	260
144	311
144	346
144	423
144	432
144	437
144	454
144	456
144	473
144	480
144	487
145	164
145	215
145	310
145	373
145	423
145	432
145	437
145	456
145	470
145	473
145	480
145	487
146	3
146	62
146	110
146	149
146	184
146	187
146	190
146	197
146	213
146	228
146	231
146	272
146	436
147	7
147	30
147	35
147	59
147	133
147	159
147	198
147	201
147	210
147	221
147	224
147	272
147	431
148	16
148	68
148	85
148	128
148	132
148	139
148	151
148	152
148	183
148	201
148	226
148	242
148	252
149	3
149	76
149	110
149	146
149	184
149	187
149	190
149	197
149	213
149	228
149	231
149	272
149	312
150	222
150	284
150	287
150	299
150	300
150	313
150	334
150	404
150	406
150	408
150	431
150	434
150	445
151	72
151	104
151	128
151	148
151	152
151	156
151	183
151	195
151	199
151	226
151	242
151	252
151	482
152	72
152	85
152	104
152	128
152	139
152	148
152	151
152	183
152	199
152	226
152	242
152	252
152	451
153	161
153	298
153	307
153	354
153	372
153	409
153	441
153	455
153	462
153	469
153	475
153	481
153	482
154	221
154	315
154	400
154	425
154	433
154	443
154	451
154	463
154	466
154	483
154	492
154	493
154	496
155	253
155	261
155	319
155	337
155	407
155	410
155	425
155	451
155	457
155	466
155	492
155	493
155	496
156	16
156	68
156	72
156	85
156	104
156	128
156	151
156	183
156	199
156	214
156	226
156	242
156	252
157	17
157	56
157	63
157	188
157	200
157	250
157	254
157	366
157	381
157	385
157	391
157	393
157	402
158	161
158	229
158	427
158	436
158	447
158	458
158	476
158	477
158	479
158	490
158	494
158	497
158	500
159	7
159	30
159	59
159	133
159	147
159	169
159	198
159	201
159	210
159	221
159	224
159	283
159	426
160	268
160	340
160	356
160	426
160	428
160	442
160	444
160	446
160	450
160	460
160	464
160	467
160	491
161	153
161	158
161	344
161	371
161	372
161	409
161	411
161	452
161	455
161	469
161	475
161	481
161	482
162	32
162	359
162	382
162	389
162	390
162	414
162	458
162	472
162	476
162	477
162	478
162	491
162	497
163	13
163	17
163	40
163	69
163	79
163	83
163	99
163	111
163	116
163	135
163	181
163	278
163	352
164	105
164	145
164	211
164	227
164	236
164	270
164	283
164	321
164	346
164	348
164	364
164	367
164	368
165	329
165	356
165	409
165	411
165	441
165	452
165	455
165	462
165	469
165	475
165	481
165	482
165	492
166	288
166	370
166	405
166	410
166	440
166	449
166	459
166	463
166	466
166	483
166	492
166	493
166	496
167	251
167	265
167	284
167	299
167	355
167	375
167	404
167	406
167	424
167	431
167	445
167	454
167	472
168	58
168	192
168	212
168	296
168	399
168	416
168	423
168	430
168	432
168	454
168	456
168	480
168	487
169	7
169	9
169	30
169	35
169	40
169	59
169	159
169	198
169	201
169	210
169	221
169	224
169	484
170	275
170	293
170	309
170	328
170	357
170	387
170	422
170	429
170	453
170	471
170	484
170	495
170	499
171	22
171	136
171	357
171	395
171	422
171	428
171	453
171	465
171	471
171	484
171	485
171	495
171	499
172	59
172	131
172	322
172	371
172	377
172	411
172	452
172	455
172	462
172	469
172	475
172	481
172	482
173	217
173	232
173	234
173	309
173	320
173	383
173	387
173	429
173	445
173	465
173	471
173	484
173	485
174	106
174	233
174	238
174	277
174	281
174	321
174	346
174	348
174	364
174	367
174	368
174	407
174	473
175	71
175	143
175	180
175	206
175	223
175	248
175	274
175	288
175	301
175	303
175	312
175	330
175	404
176	31
176	38
176	140
176	195
176	289
176	331
176	333
176	342
176	361
176	374
176	418
176	421
176	468
177	114
177	249
177	262
177	371
177	372
177	377
177	434
177	441
177	452
177	462
177	475
177	481
177	482
178	183
178	317
178	371
178	409
178	411
178	412
178	441
178	452
178	455
178	469
178	475
178	481
178	482
179	29
179	71
179	98
179	119
179	206
179	223
179	248
179	274
179	285
179	303
179	312
179	330
179	428
180	71
180	75
180	124
180	175
180	248
180	274
180	285
180	288
180	301
180	303
180	308
180	312
180	330
181	13
181	17
181	40
181	69
181	79
181	83
181	99
181	111
181	116
181	135
181	163
181	366
181	443
182	8
182	12
182	21
182	63
182	188
182	200
182	304
182	366
182	385
182	391
182	393
182	402
182	406
183	72
183	85
183	104
183	139
183	148
183	151
183	152
183	156
183	178
183	199
183	226
183	242
183	252
184	3
184	25
184	76
184	110
184	146
184	149
184	187
184	190
184	213
184	228
184	231
184	272
184	370
185	57
185	216
185	244
185	324
185	363
185	365
185	386
185	414
185	433
185	438
185	457
185	466
185	496
186	115
186	263
186	273
186	310
186	399
186	423
186	430
186	437
186	454
186	456
186	470
186	473
186	480
186	487
187	25
187	62
187	76
187	110
187	146
187	149
187	184
187	190
187	197
187	213
187	218
187	228
187	231
187	272
188	56
188	63
188	125
188	157
188	182
188	191
188	207
188	214
188	237
188	381
188	385
188	391
188	393
188	402
189	243
189	311
189	319
189	343
189	417
189	440
189	443
189	447
189	449
189	459
189	461
189	463
189	492
189	496
190	3
190	25
190	62
190	76
190	146
190	149
190	184
190	187
190	197
190	213
190	228
190	231
190	272
190	367
191	8
191	56
191	63
191	188
191	214
191	237
191	250
191	325
191	364
191	366
191	385
191	391
191	393
191	402
192	168
192	305
192	310
192	373
192	399
192	432
192	437
192	454
192	456
192	468
192	470
192	473
192	480
192	487
193	48
193	208
193	319
193	337
193	343
193	365
193	386
193	410
193	443
193	451
193	459
193	461
193	463
193	493
194	39
194	70
194	271
194	375
194	382
194	447
194	458
194	468
194	474
194	479
194	488
194	491
194	497
194	500
195	140
195	151
195	176
195	209
195	256
195	289
195	290
195	331
195	342
195	360
195	374
195	418
195	421
195	458
196	244
196	323
196	338
196	389
196	436
196	468
196	476
196	478
196	479
196	488
196	489
196	494
196	498
196	500
197	25
197	43
197	62
197	76
197	110
197	146
197	149
197	187
197	190
197	213
197	228
197	231
197	272
197	439
198	7
198	9
198	30
198	35
198	59
198	133
198	147
198	159
198	169
198	201
198	210
198	221
198	224
198	474
199	37
199	68
199	72
199	85
199	104
199	128
199	151
199	152
199	156
199	183
199	223
199	226
199	242
199	252
200	126
200	134
200	157
200	182
200	237
200	254
200	304
200	325
200	366
200	381
200	385
200	391
200	393
200	402
201	7
201	9
201	30
201	35
201	59
201	133
201	147
201	148
201	159
201	169
201	198
201	210
201	221
201	224
202	6
202	14
202	134
202	298
202	340
202	369
202	384
202	415
202	426
202	435
202	444
202	446
202	460
202	464
203	90
203	259
203	264
203	427
203	439
203	444
203	448
203	478
203	479
203	488
203	489
203	494
203	497
203	498
204	51
204	340
204	356
204	362
204	384
204	415
204	420
204	433
204	435
204	442
204	446
204	460
204	464
204	467
205	233
205	266
205	275
205	365
205	387
205	413
205	422
205	453
205	465
205	471
205	484
205	485
205	486
205	495
206	71
206	75
206	119
206	124
206	175
206	179
206	223
206	274
206	285
206	303
206	312
206	330
206	359
206	435
207	21
207	43
207	56
207	63
207	120
207	188
207	237
207	254
207	325
207	381
207	385
207	391
207	393
207	402
208	138
208	193
208	311
208	343
208	370
208	378
208	410
208	425
208	449
208	464
208	466
208	483
208	492
208	493
209	82
209	130
209	141
209	195
209	256
209	290
209	333
209	342
209	360
209	361
209	364
209	374
209	418
209	421
210	7
210	9
210	30
210	35
210	59
210	133
210	147
210	159
210	169
210	198
210	201
210	221
210	224
210	383
211	34
211	105
211	106
211	164
211	220
211	227
211	238
211	270
211	283
211	296
211	348
211	364
211	367
211	368
212	54
212	168
212	282
212	427
212	436
212	448
212	468
212	476
212	479
212	490
212	491
212	494
212	497
212	498
213	25
213	62
213	110
213	146
213	149
213	184
213	187
213	190
213	197
213	228
213	231
213	272
213	274
213	478
214	94
214	156
214	188
214	191
214	237
214	254
214	304
214	325
214	366
214	381
214	385
214	391
214	393
214	402
215	52
215	145
215	216
215	260
215	319
215	403
215	423
215	430
215	432
215	454
215	470
215	473
215	480
215	487
216	185
216	215
216	228
216	253
216	315
216	365
216	405
216	433
216	440
216	457
216	466
216	492
216	493
216	496
217	20
217	23
217	33
217	102
217	122
217	129
217	173
217	225
217	247
217	253
217	279
217	313
217	327
217	345
218	187
218	234
218	239
218	269
218	291
218	358
218	395
218	413
218	429
218	471
218	485
218	486
218	495
218	499
219	84
219	293
219	320
219	332
219	336
219	413
219	419
219	422
219	453
219	465
219	471
219	485
219	495
219	499
220	105
220	211
220	233
220	238
220	270
220	277
220	281
220	320
220	321
220	346
220	348
220	364
220	367
220	368
221	7
221	9
221	35
221	59
221	133
221	147
221	154
221	159
221	169
221	198
221	201
221	210
221	224
221	497
222	44
222	107
222	150
222	287
222	318
222	355
222	375
222	384
222	406
222	408
222	424
222	431
222	434
222	445
223	29
223	71
223	175
223	179
223	199
223	206
223	248
223	274
223	285
223	288
223	301
223	303
223	312
223	330
224	7
224	9
224	30
224	59
224	133
224	147
224	159
224	169
224	198
224	201
224	210
224	221
224	383
224	387
225	2
225	18
225	33
225	78
225	129
225	217
225	247
225	276
225	279
225	313
225	327
225	345
225	420
225	473
226	16
226	72
226	104
226	106
226	128
226	139
226	148
226	151
226	152
226	156
226	183
226	199
226	242
226	252
227	34
227	106
227	164
227	211
227	233
227	238
227	267
227	277
227	281
227	283
227	346
227	348
227	364
227	367
227	460
228	3
228	25
228	62
228	76
228	110
228	146
228	149
228	184
228	187
228	190
228	197
228	213
228	216
228	231
228	272
229	6
229	158
229	356
229	376
229	398
229	401
229	447
229	458
229	476
229	477
229	478
229	489
229	490
229	498
229	500
230	41
230	136
230	278
230	397
230	427
230	436
230	447
230	474
230	476
230	477
230	478
230	489
230	490
230	494
230	498
231	3
231	25
231	62
231	76
231	110
231	146
231	149
231	184
231	187
231	190
231	197
231	213
231	228
231	272
231	360
232	109
232	173
232	291
232	294
232	340
232	395
232	408
232	413
232	453
232	465
232	471
232	485
232	486
232	495
232	499
233	174
233	205
233	220
233	227
233	236
233	238
233	267
233	277
233	321
233	346
233	348
233	364
233	367
233	368
233	487
234	84
234	173
234	218
234	357
234	377
234	394
234	419
234	429
234	457
234	465
234	471
234	484
234	486
234	495
234	499
235	31
235	42
235	65
235	140
235	289
235	290
235	331
235	333
235	342
235	360
235	361
235	374
235	418
235	421
235	452
236	34
236	105
236	164
236	233
236	238
236	267
236	270
236	281
236	283
236	346
236	348
236	364
236	367
236	368
236	499
237	43
237	188
237	191
237	200
237	207
237	214
237	254
237	304
237	325
237	366
237	381
237	391
237	393
237	402
237	467
238	174
238	211
238	220
238	227
238	233
238	236
238	267
238	277
238	281
238	321
238	346
238	364
238	367
238	368
238	471
239	11
239	218
239	297
239	336
239	358
239	395
239	401
239	422
239	471
239	484
239	485
239	486
239	490
239	495
239	499
240	55
240	321
240	347
240	353
240	390
240	468
240	474
240	478
240	479
240	488
240	489
240	490
240	491
240	494
240	498
241	253
241	352
241	379
241	407
241	414
241	417
241	425
241	457
241	459
241	461
241	475
241	483
241	492
241	493
241	496
242	16
242	68
242	72
242	104
242	128
242	139
242	148
242	151
242	152
242	156
242	183
242	199
242	226
242	252
242	324
243	189
243	311
243	319
243	324
243	329
243	400
243	414
243	433
243	440
243	443
243	449
243	463
243	466
243	492
243	493
244	87
244	185
244	196
244	387
244	392
244	397
244	439
244	472
244	474
244	479
244	489
244	490
244	491
244	497
244	498
245	32
245	142
245	253
245	338
245	398
245	401
245	436
245	439
245	458
245	478
245	479
245	488
245	489
245	494
245	500
246	114
246	322
246	339
246	341
246	371
246	412
246	441
246	452
246	455
246	462
246	469
246	475
246	481
246	482
246	496
247	10
247	18
247	78
247	102
247	122
247	129
247	143
247	217
247	225
247	276
247	279
247	313
247	327
247	345
247	451
248	29
248	50
248	70
248	75
248	98
248	139
248	175
248	179
248	180
248	223
248	285
248	288
248	301
248	312
248	330
249	177
249	317
249	338
249	339
249	341
249	377
249	409
249	411
249	441
249	452
249	455
249	462
249	469
249	475
249	481
250	12
250	21
250	157
250	191
250	254
250	304
250	314
250	325
250	350
250	366
250	381
250	385
250	391
250	393
250	402
251	73
251	112
251	123
251	167
251	265
251	334
251	375
251	377
251	388
251	404
251	406
251	424
251	431
251	434
251	445
251	498
252	16
252	68
252	72
252	85
252	128
252	139
252	148
252	151
252	152
252	156
252	183
252	199
252	226
252	242
252	392
252	406
253	155
253	216
253	217
253	241
253	245
253	286
253	379
253	386
253	405
253	407
253	414
253	440
253	443
253	449
253	466
253	496
254	8
254	63
254	112
254	157
254	200
254	207
254	214
254	237
254	250
254	304
254	366
254	381
254	385
254	391
254	393
254	402
255	26
255	63
255	134
255	261
255	396
255	415
255	420
255	426
255	442
255	444
255	446
255	450
255	460
255	464
255	467
255	484
256	31
256	81
256	82
256	130
256	140
256	195
256	209
256	289
256	331
256	342
256	349
256	360
256	361
256	374
256	418
256	421
257	5
257	48
257	66
257	114
257	307
257	317
257	341
257	358
257	377
257	411
257	412
257	441
257	455
257	462
257	469
257	482
258	268
258	308
258	384
258	415
258	420
258	428
258	432
258	435
258	442
258	444
258	446
258	450
258	454
258	460
258	464
258	467
259	19
259	133
259	203
259	271
259	401
259	417
259	439
259	448
259	458
259	468
259	472
259	488
259	490
259	491
259	498
259	500
260	97
260	103
260	108
260	144
260	215
260	323
260	373
260	386
260	416
260	430
260	432
260	437
260	470
260	473
260	480
260	487
261	46
261	137
261	155
261	255
261	356
261	369
261	415
261	420
261	428
261	435
261	442
261	444
261	450
261	460
261	464
261	467
262	45
262	48
262	177
262	279
262	331
262	341
262	344
262	354
262	377
262	409
262	411
262	441
262	469
262	475
262	481
262	482
263	52
263	186
263	306
263	310
263	353
263	403
263	416
263	423
263	430
263	432
263	454
263	456
263	470
263	473
263	480
263	487
264	42
264	203
264	364
264	389
264	398
264	427
264	448
264	458
264	468
264	472
264	474
264	477
264	479
264	488
264	497
264	498
265	167
265	251
265	284
265	299
265	300
265	318
265	340
265	349
265	388
265	404
265	406
265	408
265	424
265	431
265	434
265	445
266	102
266	205
266	291
266	320
266	357
266	358
266	380
266	394
266	429
266	453
266	465
266	471
266	485
266	486
266	495
266	499
267	227
267	233
267	236
267	238
267	270
267	277
267	281
267	283
267	321
267	346
267	348
267	355
267	364
267	367
267	368
267	499
268	134
268	160
268	258
268	298
268	302
268	308
268	343
268	396
268	420
268	428
268	435
268	444
268	446
268	450
268	464
268	467
269	218
269	275
269	291
269	294
269	304
269	309
269	387
269	413
269	422
269	429
269	448
269	453
269	471
269	485
269	495
269	499
270	106
270	164
270	211
270	220
270	236
270	267
270	277
270	281
270	283
270	321
270	348
270	364
270	367
270	368
270	425
270	434
271	79
271	194
271	259
271	278
271	301
271	392
271	397
271	401
271	427
271	436
271	447
271	468
271	472
271	476
271	497
271	500
272	3
272	25
272	62
272	76
272	110
272	146
272	147
272	149
272	184
272	187
272	190
272	197
272	213
272	228
272	231
272	345
273	37
273	186
273	311
273	379
273	400
273	407
273	425
273	438
273	451
273	459
273	461
273	466
273	483
273	492
273	493
273	496
274	29
274	50
274	71
274	98
274	119
274	124
274	175
274	179
274	180
274	206
274	213
274	223
274	285
274	288
274	301
274	312
274	330
275	107
275	118
275	170
275	205
275	269
275	297
275	353
275	380
275	383
275	394
275	413
275	453
275	471
275	484
275	486
275	495
275	499
276	10
276	18
276	20
276	23
276	33
276	78
276	102
276	129
276	143
276	225
276	247
276	279
276	313
276	327
276	345
276	385
276	497
277	34
277	174
277	220
277	227
277	233
277	238
277	267
277	270
277	281
277	283
277	321
277	346
277	348
277	364
277	367
277	368
277	477
278	163
278	230
278	271
278	347
278	359
278	401
278	411
278	448
278	476
278	478
278	488
278	489
278	490
278	494
278	497
278	498
278	500
279	2
279	10
279	18
279	20
279	33
279	102
279	122
279	129
279	143
279	217
279	225
279	247
279	262
279	276
279	313
279	327
279	345
280	60
280	113
280	126
280	287
280	295
280	318
280	334
280	349
280	355
280	363
280	375
280	388
280	404
280	406
280	408
280	434
280	445
281	105
281	106
281	174
281	220
281	227
281	236
281	238
281	267
281	270
281	277
281	283
281	286
281	321
281	346
281	348
281	367
281	368
282	93
282	212
282	296
282	310
282	326
282	332
282	373
282	403
282	416
282	423
282	430
282	454
282	456
282	470
282	480
282	481
282	487
283	31
283	105
283	159
283	164
283	211
283	227
283	236
283	267
283	270
283	277
283	281
283	321
283	346
283	348
283	364
283	367
283	368
284	150
284	167
284	265
284	292
284	295
284	299
284	300
284	318
284	355
284	404
284	406
284	424
284	429
284	431
284	434
284	437
284	445
285	11
285	50
285	71
285	75
285	98
285	119
285	179
285	180
285	206
285	223
285	248
285	274
285	288
285	301
285	303
285	312
285	330
286	76
286	127
286	253
286	281
286	314
286	386
286	405
286	414
286	433
286	449
286	457
286	463
286	466
286	483
286	492
286	493
286	496
287	73
287	113
287	150
287	222
287	280
287	292
287	300
287	302
287	361
287	375
287	388
287	406
287	408
287	424
287	431
287	434
287	445
288	29
288	71
288	75
288	119
288	124
288	166
288	175
288	180
288	223
288	248
288	274
288	285
288	300
288	301
288	303
288	312
288	330
289	1
289	36
289	42
289	45
289	81
289	82
289	88
289	176
289	195
289	235
289	256
289	331
289	360
289	361
289	374
289	418
289	421
290	1
290	65
290	82
290	88
290	141
290	195
290	209
290	235
290	331
290	333
290	342
290	345
290	360
290	361
290	374
290	418
290	421
291	22
291	218
291	232
291	266
291	269
291	294
291	297
291	320
291	336
291	380
291	413
291	471
291	475
291	485
291	486
291	495
291	499
292	126
292	284
292	287
292	300
292	318
292	349
292	355
292	375
292	388
292	406
292	408
292	424
292	431
292	434
292	445
292	455
292	488
293	36
293	170
293	219
293	309
293	324
293	336
293	380
293	383
293	413
293	429
293	439
293	453
293	471
293	484
293	486
293	495
293	499
294	232
294	269
294	291
294	320
294	357
294	380
294	394
294	413
294	419
294	427
294	453
294	465
294	471
294	483
294	484
294	485
294	499
295	73
295	112
295	280
295	284
295	299
295	318
295	334
295	355
295	375
295	397
295	404
295	406
295	408
295	424
295	431
295	434
295	445
296	168
296	211
296	282
296	305
296	323
296	326
296	332
296	411
296	416
296	423
296	430
296	437
296	454
296	456
296	470
296	473
296	480
296	487
297	56
297	107
297	239
297	275
297	291
297	320
297	336
297	387
297	395
297	412
297	419
297	422
297	465
297	484
297	485
297	486
297	495
297	499
298	89
298	153
298	202
298	268
298	356
298	369
298	373
298	384
298	396
298	426
298	428
298	435
298	442
298	444
298	450
298	460
298	464
298	467
299	73
299	150
299	167
299	265
299	284
299	295
299	349
299	355
299	375
299	404
299	406
299	408
299	424
299	431
299	434
299	445
299	446
299	458
300	113
300	123
300	150
300	265
300	284
300	287
300	288
300	292
300	318
300	349
300	355
300	388
300	406
300	408
300	424
300	434
300	445
300	479
301	29
301	50
301	71
301	98
301	119
301	124
301	175
301	180
301	223
301	248
301	271
301	274
301	285
301	288
301	303
301	312
301	330
301	333
302	27
302	268
302	287
302	362
302	384
302	396
302	413
302	415
302	420
302	426
302	435
302	442
302	444
302	446
302	450
302	460
302	464
302	467
303	29
303	50
303	75
303	98
303	119
303	124
303	175
303	179
303	180
303	206
303	223
303	285
303	288
303	301
303	312
303	316
303	330
303	462
304	12
304	43
304	94
304	182
304	200
304	214
304	237
304	250
304	254
304	269
304	325
304	366
304	381
304	385
304	386
304	391
304	393
304	402
305	52
305	58
305	125
305	192
305	296
305	310
305	332
305	399
305	417
305	430
305	432
305	437
305	454
305	456
305	470
305	480
305	487
305	489
306	49
306	106
306	263
306	323
306	326
306	332
306	373
306	399
306	403
306	416
306	423
306	432
306	455
306	456
306	470
306	473
306	480
306	487
307	13
307	115
307	131
307	132
307	153
307	257
307	344
307	377
307	412
307	430
307	441
307	452
307	455
307	462
307	469
307	475
307	481
307	482
308	72
308	89
308	180
308	258
308	268
308	369
308	415
308	420
308	426
308	428
308	435
308	442
308	444
308	446
308	450
308	460
308	464
308	467
309	170
309	173
309	269
309	293
309	336
309	380
309	383
309	387
309	395
309	419
309	422
309	427
309	429
309	453
309	485
309	486
309	495
309	499
310	80
310	145
310	186
310	192
310	263
310	282
310	305
310	395
310	416
310	430
310	432
310	437
310	454
310	456
310	470
310	473
310	480
310	487
311	144
311	189
311	208
311	243
311	273
311	314
311	352
311	389
311	417
311	425
311	449
311	457
311	459
311	461
311	463
311	466
311	483
311	492
311	493
312	29
312	75
312	98
312	119
312	124
312	149
312	175
312	179
312	180
312	206
312	223
312	248
312	274
312	285
312	288
312	301
312	303
312	330
312	463
313	2
313	10
313	18
313	20
313	23
313	78
313	102
313	122
313	129
313	143
313	150
313	217
313	225
313	247
313	276
313	279
313	327
313	345
313	485
314	53
314	250
314	286
314	311
314	343
314	365
314	386
314	410
314	438
314	443
314	449
314	451
314	457
314	463
314	483
314	485
314	492
314	493
314	496
315	53
315	154
315	216
315	322
315	337
315	352
315	363
315	378
315	396
315	405
315	414
315	440
315	443
315	451
315	457
315	463
315	483
315	492
315	493
316	86
316	303
316	352
316	365
316	379
316	407
316	410
316	414
316	425
316	433
316	438
316	440
316	443
316	457
316	459
316	483
316	492
316	496
316	499
317	117
317	127
317	178
317	249
317	257
317	329
317	339
317	354
317	371
317	372
317	412
317	452
317	455
317	462
317	469
317	475
317	481
317	482
317	500
318	123
318	126
318	222
318	265
318	280
318	284
318	292
318	295
318	300
318	334
318	349
318	375
318	408
318	424
318	431
318	434
318	445
318	495
318	499
319	86
319	155
319	189
319	193
319	215
319	243
319	337
319	351
319	405
319	410
319	414
319	433
319	438
319	440
319	443
319	461
319	466
319	483
319	496
320	5
320	173
320	219
320	220
320	266
320	291
320	294
320	297
320	325
320	336
320	358
320	395
320	413
320	419
320	465
320	471
320	484
320	485
320	486
321	34
321	106
321	164
321	174
321	220
321	233
321	238
321	240
321	267
321	270
321	277
321	281
321	283
321	346
321	348
321	364
321	367
321	368
321	496
322	132
322	172
322	246
322	315
322	329
322	339
322	344
322	354
322	372
322	377
322	409
322	412
322	441
322	455
322	462
322	469
322	475
322	481
322	495
323	49
323	196
323	260
323	296
323	306
323	326
323	332
323	399
323	403
323	416
323	423
323	430
323	437
323	454
323	456
323	470
323	473
323	487
323	494
324	185
324	242
324	243
324	293
324	337
324	343
324	352
324	365
324	370
324	379
324	405
324	433
324	449
324	451
324	457
324	459
324	461
324	493
324	496
325	12
325	21
325	43
325	56
325	94
325	191
325	200
325	207
325	214
325	237
325	250
325	304
325	320
325	366
325	381
325	385
325	391
325	393
325	402
325	424
326	125
326	282
326	296
326	306
326	323
326	332
326	399
326	403
326	414
326	416
326	423
326	430
326	435
326	437
326	454
326	456
326	470
326	473
326	480
326	487
327	2
327	10
327	18
327	20
327	23
327	33
327	78
327	102
327	122
327	129
327	143
327	217
327	225
327	247
327	276
327	279
327	313
327	345
327	351
327	396
328	14
328	27
328	46
328	170
328	331
328	340
328	351
328	396
328	415
328	420
328	426
328	428
328	435
328	442
328	444
328	446
328	450
328	460
328	464
328	467
329	45
329	129
329	131
329	165
329	243
329	317
329	322
329	341
329	344
329	354
329	371
329	409
329	411
329	441
329	452
329	455
329	462
329	469
329	475
329	481
330	16
330	50
330	71
330	75
330	98
330	119
330	124
330	175
330	179
330	180
330	206
330	223
330	248
330	274
330	285
330	288
330	301
330	303
330	312
330	457
331	1
331	38
331	81
331	88
331	140
331	141
331	176
331	195
331	235
331	256
331	262
331	289
331	290
331	328
331	333
331	360
331	361
331	374
331	418
331	421
332	80
332	97
332	219
332	282
332	296
332	305
332	306
332	323
332	326
332	378
332	399
332	423
332	430
332	432
332	437
332	456
332	470
332	473
332	480
332	487
333	1
333	31
333	38
333	65
333	81
333	82
333	88
333	130
333	141
333	176
333	209
333	235
333	290
333	301
333	331
333	361
333	374
333	384
333	418
333	421
334	44
334	123
334	126
334	150
334	251
334	280
334	295
334	318
334	349
334	355
334	388
334	404
334	406
334	408
334	424
334	431
334	434
334	445
334	466
334	493
335	336
335	337
335	338
335	347
335	353
335	390
335	392
335	401
335	427
335	447
335	468
335	472
335	474
335	477
335	479
335	488
335	489
335	490
335	494
335	498
336	118
336	136
336	219
336	239
336	291
336	293
336	297
336	309
336	320
336	335
336	383
336	387
336	419
336	422
336	429
336	485
336	486
336	495
336	498
336	499
337	96
337	127
337	155
337	193
337	315
337	319
337	324
337	335
337	343
337	365
337	378
337	405
337	407
337	438
337	461
337	463
337	483
337	492
337	493
337	496
338	70
338	196
338	245
338	249
338	335
338	359
338	382
338	390
338	392
338	421
338	436
338	458
338	472
338	476
338	479
338	488
338	489
338	491
338	497
338	498
339	66
339	131
339	246
339	249
339	317
339	322
339	344
339	354
339	365
339	371
339	372
339	392
339	409
339	411
339	441
339	452
339	462
339	475
339	481
339	482
340	27
340	160
340	202
340	204
340	232
340	265
340	328
340	356
340	362
340	369
340	396
340	415
340	426
340	428
340	435
340	442
340	446
340	450
340	460
340	464
340	467
341	60
341	246
341	249
341	257
341	262
341	329
341	344
341	371
341	372
341	377
341	409
341	411
341	412
341	441
341	462
341	465
341	469
341	475
341	481
341	482
341	493
342	38
342	42
342	65
342	81
342	88
342	130
342	140
342	141
342	176
342	195
342	209
342	235
342	256
342	290
342	360
342	361
342	374
342	386
342	416
342	418
342	421
343	127
343	189
343	193
343	208
343	268
343	314
343	324
343	337
343	363
343	407
343	410
343	423
343	438
343	440
343	461
343	463
343	466
343	483
343	492
343	493
343	496
344	73
344	114
344	117
344	161
344	262
344	307
344	322
344	329
344	339
344	341
344	354
344	377
344	412
344	441
344	452
344	455
344	462
344	469
344	475
344	481
344	482
345	2
345	10
345	18
345	20
345	23
345	33
345	78
345	102
345	122
345	129
345	143
345	217
345	225
345	247
345	272
345	276
345	279
345	290
345	313
345	327
345	372
346	34
346	105
346	106
346	144
346	164
346	174
346	220
346	227
346	233
346	236
346	238
346	267
346	277
346	281
346	283
346	321
346	348
346	354
346	364
346	367
346	368
347	28
347	120
347	122
347	142
347	240
347	278
347	335
347	353
347	359
347	397
347	401
347	427
347	436
347	447
347	448
347	458
347	469
347	488
347	491
347	494
347	498
348	34
348	105
348	106
348	164
348	174
348	211
348	220
348	227
348	233
348	236
348	267
348	270
348	277
348	281
348	283
348	321
348	346
348	364
348	368
348	458
348	481
349	112
349	113
349	256
349	265
349	280
349	292
349	299
349	300
349	318
349	334
349	355
349	375
349	382
349	388
349	404
349	406
349	408
349	424
349	431
349	434
349	445
350	4
350	32
350	70
350	250
350	359
350	382
350	390
350	392
350	397
350	401
350	436
350	472
350	477
350	479
350	488
350	489
350	490
350	491
350	494
350	497
350	498
351	26
351	134
351	319
351	327
351	328
351	362
351	369
351	384
351	396
351	415
351	420
351	426
351	435
351	442
351	444
351	446
351	450
351	460
351	464
351	467
351	482
352	163
352	241
352	311
352	315
352	316
352	324
352	363
352	378
352	405
352	410
352	414
352	417
352	433
352	438
352	449
352	457
352	459
352	461
352	483
352	492
352	500
353	6
353	240
353	263
353	275
353	335
353	347
353	359
353	382
353	448
353	468
353	474
353	476
353	477
353	479
353	488
353	489
353	491
353	494
353	497
353	498
353	500
354	45
354	114
354	153
354	262
354	317
354	322
354	329
354	339
354	344
354	346
354	372
354	409
354	412
354	441
354	452
354	455
354	462
354	469
354	474
354	475
354	482
355	112
355	113
355	123
355	167
355	222
355	267
355	280
355	284
355	292
355	295
355	299
355	300
355	334
355	349
355	375
355	388
355	404
355	424
355	431
355	445
355	500
356	26
356	89
356	160
356	165
356	204
356	229
356	261
356	298
356	340
356	362
356	369
356	396
356	415
356	420
356	426
356	428
356	444
356	446
356	450
356	460
356	464
356	467
357	22
357	95
357	130
357	170
357	171
357	234
357	266
357	294
357	383
357	394
357	395
357	419
357	422
357	429
357	453
357	465
357	471
357	484
357	485
357	486
357	495
357	499
358	22
358	109
358	118
358	136
358	218
358	239
358	257
358	266
358	320
358	380
358	394
358	395
358	422
358	442
358	453
358	465
358	471
358	484
358	485
358	486
358	495
358	499
359	6
359	162
359	206
359	278
359	338
359	347
359	350
359	353
359	369
359	376
359	389
359	439
359	447
359	458
359	474
359	477
359	479
359	489
359	490
359	494
359	498
359	500
360	1
360	31
360	38
360	65
360	81
360	82
360	130
360	141
360	195
360	209
360	231
360	235
360	256
360	289
360	290
360	331
360	342
360	361
360	374
360	418
360	421
360	480
361	1
361	38
361	42
361	65
361	81
361	88
361	116
361	130
361	141
361	176
361	209
361	235
361	256
361	287
361	289
361	290
361	331
361	333
361	342
361	360
361	418
361	421
362	51
362	89
362	129
362	204
362	302
362	340
362	351
362	356
362	369
362	371
362	384
362	396
362	420
362	426
362	428
362	442
362	444
362	446
362	450
362	460
362	464
362	467
363	37
363	86
363	185
363	280
363	315
363	343
363	352
363	371
363	378
363	407
363	414
363	438
363	440
363	443
363	449
363	451
363	457
363	459
363	463
363	483
363	493
363	496
364	34
364	105
364	164
364	174
364	191
364	209
364	211
364	220
364	227
364	233
364	236
364	238
364	264
364	267
364	270
364	277
364	283
364	321
364	346
364	348
364	367
364	368
365	185
365	193
365	205
365	216
365	314
365	316
365	324
365	337
365	339
365	378
365	379
365	386
365	405
365	407
365	425
365	443
365	451
365	457
365	459
365	461
365	493
365	496
366	8
366	12
366	43
366	94
366	157
366	181
366	182
366	191
366	200
366	214
366	237
366	250
366	254
366	304
366	325
366	381
366	385
366	391
366	393
366	402
366	453
366	462
367	34
367	105
367	106
367	164
367	174
367	190
367	211
367	220
367	227
367	233
367	236
367	238
367	267
367	270
367	277
367	281
367	283
367	321
367	346
367	364
367	368
367	388
368	34
368	105
368	106
368	164
368	174
368	211
368	220
368	233
368	236
368	238
368	267
368	270
368	277
368	281
368	283
368	321
368	346
368	348
368	364
368	367
368	403
368	450
369	202
369	261
369	298
369	308
369	340
369	351
369	356
369	359
369	362
369	384
369	415
369	420
369	426
369	428
369	435
369	442
369	444
369	450
369	460
369	464
369	467
369	479
370	137
370	166
370	184
370	208
370	324
370	376
370	379
370	400
370	405
370	417
370	425
370	438
370	440
370	443
370	449
370	451
370	459
370	461
370	483
370	492
370	493
370	496
371	66
371	161
371	172
371	177
371	178
371	246
371	317
371	329
371	339
371	341
371	362
371	363
371	377
371	409
371	412
371	441
371	452
371	462
371	469
371	475
371	481
371	482
372	60
372	153
372	161
372	177
372	317
372	322
372	339
372	341
372	345
372	354
372	377
372	409
372	412
372	419
372	441
372	452
372	455
372	462
372	467
372	469
372	475
372	481
372	482
373	41
373	58
373	93
373	145
373	192
373	260
373	282
373	298
373	306
373	399
373	403
373	410
373	416
373	423
373	430
373	432
373	437
373	454
373	456
373	470
373	473
373	480
373	487
374	1
374	31
374	38
374	42
374	65
374	105
374	130
374	141
374	176
374	195
374	209
374	235
374	256
374	289
374	290
374	331
374	333
374	342
374	360
374	418
374	421
374	433
374	464
375	44
375	112
375	167
375	194
375	222
375	251
375	280
375	287
375	292
375	295
375	299
375	318
375	349
375	355
375	388
375	404
375	406
375	408
375	424
375	431
375	434
375	439
375	445
376	90
376	120
376	229
376	359
376	370
376	389
376	392
376	397
376	398
376	401
376	427
376	439
376	449
376	458
376	472
376	474
376	476
376	489
376	490
376	491
376	494
376	497
376	500
377	132
377	172
377	177
377	234
377	249
377	251
377	257
377	262
377	307
377	322
377	341
377	344
377	371
377	372
377	411
377	412
377	452
377	455
377	462
377	469
377	475
377	481
377	482
378	53
378	208
378	315
378	332
378	337
378	352
378	363
378	365
378	379
378	400
378	407
378	410
378	417
378	433
378	443
378	451
378	459
378	465
378	466
378	483
378	492
378	493
378	496
379	117
379	127
379	137
379	241
379	253
379	273
379	316
379	324
379	365
379	370
379	378
379	400
379	414
379	425
379	438
379	443
379	451
379	459
379	461
379	463
379	492
379	496
379	500
380	22
380	96
380	109
380	266
380	275
380	291
380	293
380	294
380	309
380	358
380	383
380	395
380	419
380	422
380	429
380	449
380	465
380	484
380	485
380	486
380	488
380	495
380	499
381	12
381	21
381	56
381	63
381	64
381	94
381	157
381	188
381	200
381	207
381	214
381	237
381	250
381	254
381	304
381	325
381	366
381	385
381	391
381	393
381	402
381	423
381	453
382	162
382	194
382	338
382	349
382	350
382	353
382	392
382	398
382	447
382	448
382	468
382	474
382	476
382	478
382	479
382	487
382	488
382	489
382	490
382	491
382	494
382	498
382	500
383	11
383	36
383	109
383	173
383	210
383	224
383	275
383	293
383	309
383	336
383	357
383	380
383	387
383	395
383	452
383	453
383	465
383	471
383	484
383	485
383	486
383	495
383	499
384	27
384	202
384	204
384	222
384	258
384	298
384	302
384	333
384	351
384	362
384	369
384	396
384	415
384	420
384	426
384	428
384	435
384	442
384	444
384	446
384	450
384	460
384	464
384	467
385	8
385	12
385	21
385	43
385	56
385	94
385	142
385	157
385	182
385	188
385	191
385	200
385	207
385	214
385	250
385	254
385	276
385	304
385	325
385	366
385	381
385	391
385	393
385	402
386	185
386	193
386	253
386	260
386	286
386	304
386	314
386	342
386	365
386	405
386	407
386	410
386	417
386	433
386	438
386	440
386	443
386	449
386	451
386	461
386	466
386	483
386	493
386	496
387	101
387	170
387	173
387	205
387	224
387	244
387	269
387	297
387	309
387	336
387	383
387	393
387	394
387	395
387	413
387	419
387	453
387	465
387	471
387	484
387	485
387	486
387	495
387	499
388	73
388	112
388	123
388	126
388	251
388	265
388	280
388	287
388	292
388	300
388	334
388	349
388	355
388	367
388	375
388	404
388	406
388	408
388	424
388	431
388	434
388	445
388	463
388	469
389	162
389	196
389	264
389	311
389	359
389	376
389	390
389	402
389	427
389	436
389	439
389	448
389	458
389	472
389	474
389	476
389	477
389	478
389	488
389	490
389	491
389	494
389	498
389	500
390	120
390	162
390	240
390	335
390	338
390	350
390	389
390	397
390	423
390	427
390	436
390	439
390	468
390	470
390	472
390	474
390	479
390	485
390	488
390	490
390	491
390	494
390	497
390	500
391	8
391	12
391	21
391	56
391	63
391	94
391	157
391	182
391	188
391	191
391	200
391	207
391	214
391	237
391	250
391	254
391	304
391	325
391	366
391	381
391	385
391	402
391	438
391	466
392	67
392	244
392	252
392	271
392	335
392	338
392	339
392	350
392	376
392	382
392	397
392	398
392	401
392	427
392	472
392	474
392	476
392	477
392	478
392	489
392	490
392	494
392	497
392	500
393	8
393	21
393	43
393	56
393	63
393	94
393	113
393	157
393	182
393	188
393	191
393	200
393	207
393	214
393	237
393	250
393	254
393	304
393	325
393	366
393	381
393	385
393	387
393	402
393	408
394	84
394	96
394	101
394	234
394	266
394	275
394	294
394	357
394	358
394	387
394	395
394	399
394	413
394	419
394	422
394	429
394	445
394	453
394	465
394	471
394	484
394	485
394	486
394	495
394	499
395	84
395	100
395	101
395	109
395	171
395	218
395	232
395	239
395	297
395	309
395	310
395	320
395	357
395	358
395	380
395	383
395	387
395	394
395	453
395	471
395	484
395	485
395	486
395	495
395	499
396	46
396	255
396	268
396	298
396	302
396	315
396	327
396	328
396	340
396	351
396	356
396	362
396	384
396	415
396	426
396	428
396	435
396	442
396	444
396	446
396	450
396	460
396	464
396	467
396	475
397	230
397	244
397	271
397	295
397	347
397	350
397	376
397	390
397	392
397	427
397	439
397	447
397	450
397	458
397	468
397	472
397	476
397	477
397	478
397	488
397	489
397	490
397	491
397	494
397	497
397	498
398	67
398	86
398	90
398	142
398	229
398	245
398	264
398	376
398	382
398	392
398	415
398	427
398	436
398	458
398	474
398	476
398	477
398	478
398	479
398	488
398	489
398	491
398	494
398	497
398	498
398	500
399	52
399	93
399	103
399	108
399	125
399	168
399	186
399	192
399	305
399	306
399	323
399	326
399	332
399	373
399	394
399	403
399	408
399	416
399	430
399	432
399	437
399	454
399	470
399	473
399	480
399	487
400	57
400	118
400	154
400	243
400	273
400	370
400	378
400	379
400	404
400	405
400	414
400	417
400	425
400	433
400	440
400	443
400	457
400	459
400	461
400	463
400	466
400	482
400	483
400	492
400	493
400	496
401	91
401	142
401	229
401	239
401	245
401	259
401	271
401	278
401	335
401	347
401	350
401	376
401	392
401	413
401	436
401	439
401	472
401	477
401	488
401	489
401	490
401	491
401	494
401	497
401	498
401	500
402	8
402	12
402	21
402	43
402	56
402	63
402	94
402	157
402	182
402	188
402	191
402	200
402	207
402	214
402	237
402	250
402	254
402	304
402	325
402	366
402	381
402	385
402	389
402	391
402	393
402	437
403	41
403	80
403	93
403	97
403	108
403	215
403	263
403	282
403	306
403	323
403	326
403	368
403	373
403	399
403	407
403	416
403	422
403	423
403	430
403	432
403	437
403	454
403	470
403	473
403	480
403	487
404	44
404	73
404	113
404	126
404	150
404	167
404	175
404	251
404	265
404	280
404	284
404	295
404	299
404	334
404	349
404	355
404	375
404	388
404	400
404	406
404	408
404	424
404	431
404	434
404	445
404	463
405	23
405	35
405	57
405	137
405	138
405	166
405	216
405	253
405	286
405	315
405	319
405	324
405	337
405	352
405	365
405	370
405	386
405	400
405	417
405	425
405	449
405	461
405	466
405	492
405	493
405	496
406	112
406	113
406	150
406	167
406	182
406	222
406	251
406	252
406	265
406	280
406	284
406	287
406	292
406	295
406	299
406	300
406	334
406	349
406	375
406	388
406	404
406	408
406	424
406	431
406	434
406	445
406	476
407	86
407	155
407	174
407	241
407	253
407	273
407	316
407	337
407	343
407	363
407	365
407	378
407	386
407	403
407	414
407	417
407	425
407	438
407	440
407	449
407	451
407	457
407	459
407	463
407	466
407	492
407	493
408	44
408	73
408	112
408	126
408	150
408	222
408	232
408	265
408	280
408	287
408	292
408	295
408	299
408	300
408	318
408	334
408	349
408	375
408	388
408	393
408	399
408	404
408	406
408	424
408	431
408	434
408	445
409	89
409	115
409	117
409	153
409	161
409	165
409	178
409	249
409	262
409	322
409	329
409	339
409	341
409	354
409	371
409	372
409	411
409	438
409	441
409	452
409	455
409	462
409	469
409	475
409	481
409	482
409	483
410	93
410	127
410	137
410	155
410	166
410	193
410	208
410	314
410	316
410	319
410	343
410	352
410	373
410	378
410	386
410	414
410	417
410	433
410	457
410	459
410	461
410	463
410	466
410	486
410	492
410	493
410	496
411	48
411	66
411	115
411	117
411	132
411	161
411	165
411	172
411	178
411	249
411	257
411	262
411	278
411	296
411	329
411	339
411	341
411	377
411	409
411	412
411	451
411	455
411	462
411	469
411	475
411	481
411	482
412	32
412	48
412	60
412	114
412	117
412	131
412	178
412	246
412	257
412	297
412	307
412	317
412	322
412	341
412	344
412	354
412	371
412	372
412	377
412	411
412	441
412	452
412	455
412	462
412	481
412	482
412	489
413	107
413	136
413	205
413	218
413	219
413	232
413	269
413	275
413	291
413	293
413	294
413	302
413	320
413	387
413	394
413	401
413	419
413	422
413	429
413	453
413	465
413	469
413	484
413	485
413	486
413	495
413	499
414	37
414	50
414	138
414	162
414	185
414	241
414	243
414	253
414	286
414	315
414	316
414	319
414	326
414	352
414	363
414	379
414	400
414	407
414	410
414	417
414	425
414	438
414	449
414	459
414	461
414	466
414	483
414	492
415	1
415	14
415	89
415	134
415	202
415	204
415	255
415	258
415	261
415	302
415	308
415	328
415	340
415	351
415	356
415	369
415	384
415	396
415	398
415	420
415	426
415	442
415	444
415	446
415	450
415	460
415	464
415	467
416	97
416	103
416	108
416	125
416	168
416	260
416	263
416	282
416	296
416	306
416	310
416	323
416	326
416	342
416	373
416	399
416	403
416	423
416	432
416	437
416	454
416	456
416	470
416	473
416	474
416	480
416	487
416	498
417	127
417	137
417	189
417	241
417	259
417	305
417	311
417	352
417	370
417	378
417	386
417	400
417	405
417	407
417	410
417	414
417	425
417	438
417	441
417	443
417	451
417	457
417	461
417	463
417	483
417	492
417	493
417	496
418	1
418	15
418	31
418	38
418	42
418	57
418	65
418	81
418	82
418	88
418	130
418	140
418	141
418	176
418	195
418	209
418	235
418	256
418	289
418	290
418	331
418	333
418	342
418	360
418	361
418	374
418	421
418	444
419	69
419	84
419	96
419	107
419	136
419	219
419	234
419	294
419	297
419	309
419	320
419	336
419	357
419	372
419	380
419	387
419	394
419	413
419	429
419	453
419	465
419	471
419	484
419	485
419	486
419	495
419	498
419	499
420	19
420	27
420	204
420	225
420	255
420	258
420	261
420	268
420	302
420	308
420	328
420	351
420	356
420	362
420	369
420	384
420	415
420	426
420	428
420	435
420	442
420	444
420	446
420	450
420	460
420	464
420	467
420	476
421	1
421	31
421	38
421	42
421	47
421	65
421	81
421	82
421	88
421	130
421	140
421	141
421	176
421	195
421	209
421	235
421	256
421	289
421	290
421	331
421	333
421	338
421	342
421	360
421	361
421	374
421	418
421	445
422	5
422	84
422	101
422	128
422	170
422	171
422	205
422	219
422	239
422	269
422	297
422	309
422	336
422	357
422	358
422	380
422	394
422	403
422	413
422	429
422	432
422	453
422	465
422	471
422	484
422	485
422	486
422	495
422	499
423	41
423	58
423	97
423	144
423	145
423	168
423	186
423	215
423	263
423	282
423	296
423	306
423	323
423	326
423	332
423	343
423	373
423	381
423	390
423	403
423	416
423	430
423	437
423	454
423	456
423	470
423	473
423	480
423	487
424	44
424	113
424	123
424	126
424	133
424	167
424	222
424	251
424	265
424	284
424	287
424	292
424	295
424	299
424	300
424	318
424	325
424	334
424	349
424	355
424	375
424	388
424	404
424	406
424	408
424	431
424	434
424	445
424	489
425	57
425	84
425	86
425	154
425	155
425	208
425	241
425	270
425	273
425	311
425	316
425	365
425	370
425	379
425	400
425	405
425	407
425	414
425	417
425	433
425	438
425	440
425	449
425	451
425	457
425	458
425	463
425	483
425	496
426	46
426	119
426	159
426	160
426	202
426	255
426	298
426	302
426	308
426	328
426	340
426	351
426	356
426	362
426	369
426	384
426	396
426	415
426	420
426	428
426	435
426	442
426	444
426	446
426	450
426	460
426	464
426	467
426	486
427	67
427	158
427	203
427	212
427	230
427	264
427	271
427	294
427	309
427	335
427	347
427	376
427	389
427	390
427	392
427	397
427	398
427	447
427	448
427	458
427	464
427	476
427	477
427	478
427	479
427	488
427	490
427	491
427	498
427	500
428	14
428	18
428	26
428	51
428	134
428	160
428	171
428	179
428	258
428	261
428	268
428	298
428	308
428	328
428	340
428	356
428	362
428	369
428	384
428	396
428	420
428	426
428	435
428	442
428	444
428	446
428	450
428	460
428	464
428	467
429	5
429	11
429	36
429	87
429	96
429	109
429	118
429	170
429	173
429	218
429	234
429	266
429	269
429	284
429	293
429	309
429	336
429	357
429	380
429	394
429	413
429	419
429	422
429	453
429	465
429	484
429	485
429	491
429	495
429	499
430	49
430	103
430	125
430	140
430	168
430	186
430	215
430	260
430	263
430	282
430	296
430	305
430	307
430	310
430	323
430	326
430	332
430	373
430	399
430	403
430	423
430	432
430	437
430	454
430	456
430	470
430	473
430	480
430	482
430	487
431	44
431	95
431	112
431	113
431	123
431	126
431	147
431	150
431	167
431	222
431	251
431	265
431	284
431	287
431	292
431	295
431	299
431	318
431	334
431	349
431	355
431	375
431	388
431	404
431	406
431	408
431	424
431	434
431	445
431	471
432	41
432	49
432	80
432	93
432	108
432	125
432	144
432	145
432	168
432	192
432	215
432	258
432	260
432	263
432	305
432	306
432	310
432	332
432	373
432	399
432	403
432	416
432	422
432	430
432	444
432	454
432	456
432	470
432	473
432	480
432	487
433	86
433	127
433	138
433	154
433	185
433	204
433	216
433	243
433	286
433	316
433	319
433	324
433	352
433	374
433	378
433	386
433	400
433	410
433	425
433	440
433	443
433	448
433	449
433	451
433	459
433	461
433	466
433	483
433	492
433	493
433	496
434	44
434	73
434	112
434	113
434	123
434	126
434	150
434	177
434	222
434	251
434	265
434	270
434	280
434	284
434	287
434	292
434	295
434	299
434	300
434	318
434	334
434	349
434	375
434	388
434	404
434	406
434	408
434	424
434	431
434	445
434	492
435	14
435	46
435	51
435	89
435	202
435	204
435	206
435	258
435	261
435	268
435	298
435	302
435	308
435	326
435	328
435	340
435	351
435	369
435	384
435	396
435	420
435	426
435	428
435	440
435	442
435	444
435	446
435	450
435	460
435	464
435	467
436	19
436	21
436	67
436	120
436	146
436	158
436	196
436	212
436	230
436	245
436	271
436	338
436	347
436	350
436	389
436	390
436	398
436	401
436	447
436	448
436	458
436	472
436	474
436	477
436	478
436	488
436	489
436	490
436	494
436	496
436	497
437	52
437	58
437	103
437	108
437	125
437	144
437	145
437	186
437	192
437	260
437	284
437	296
437	305
437	310
437	323
437	326
437	332
437	373
437	399
437	402
437	403
437	416
437	423
437	430
437	448
437	454
437	456
437	470
437	473
437	480
437	487
438	37
438	53
438	57
438	185
438	273
438	314
438	316
438	319
438	337
438	343
438	352
438	363
438	370
438	379
438	386
438	391
438	407
438	409
438	414
438	417
438	425
438	443
438	451
438	457
438	459
438	461
438	463
438	483
438	487
438	492
438	493
438	496
439	19
439	54
439	70
439	92
439	197
439	203
439	244
439	245
439	259
439	293
439	359
439	375
439	376
439	389
439	390
439	397
439	401
439	458
439	468
439	472
439	474
439	476
439	477
439	478
439	479
439	488
439	489
439	491
439	494
439	497
439	498
439	500
440	57
440	138
440	166
440	189
440	216
440	243
440	253
440	315
440	316
440	319
440	343
440	363
440	370
440	386
440	400
440	407
440	425
440	433
440	435
440	443
440	449
440	451
440	453
440	456
440	457
440	459
440	461
440	463
440	483
440	492
440	493
440	496
441	48
441	66
441	115
441	153
441	165
441	177
441	178
441	246
441	249
441	257
441	262
441	307
441	322
441	329
441	339
441	341
441	344
441	354
441	371
441	372
441	409
441	412
441	417
441	452
441	455
441	462
441	469
441	475
441	481
441	482
441	491
441	494
442	27
442	51
442	65
442	134
442	160
442	204
442	255
442	258
442	261
442	298
442	302
442	308
442	328
442	340
442	351
442	358
442	362
442	369
442	384
442	396
442	415
442	420
442	426
442	428
442	435
442	444
442	446
442	450
442	460
442	464
442	467
442	473
443	57
443	127
443	131
443	154
443	181
443	189
443	193
443	243
443	253
443	314
443	315
443	316
443	319
443	363
443	365
443	370
443	378
443	379
443	386
443	400
443	417
443	433
443	438
443	440
443	457
443	459
443	461
443	466
443	472
443	492
443	493
443	496
444	26
444	134
444	141
444	160
444	202
444	203
444	255
444	258
444	261
444	268
444	298
444	302
444	308
444	328
444	351
444	356
444	362
444	369
444	384
444	396
444	415
444	418
444	420
444	426
444	428
444	432
444	435
444	442
444	446
444	450
444	460
444	464
444	467
445	44
445	73
445	112
445	113
445	123
445	126
445	150
445	167
445	173
445	222
445	251
445	265
445	280
445	284
445	287
445	292
445	295
445	299
445	300
445	318
445	334
445	349
445	355
445	375
445	388
445	394
445	404
445	406
445	408
445	421
445	424
445	431
445	434
446	14
446	26
446	27
446	46
446	71
446	160
446	202
446	204
446	255
446	258
446	268
446	299
446	302
446	308
446	328
446	340
446	351
446	356
446	362
446	384
446	396
446	415
446	420
446	426
446	428
446	435
446	442
446	444
446	450
446	460
446	464
446	467
446	471
447	6
447	54
447	87
447	90
447	123
447	158
447	189
447	194
447	229
447	230
447	271
447	335
447	347
447	359
447	382
447	397
447	427
447	436
447	448
447	468
447	472
447	476
447	477
447	478
447	479
447	480
447	488
447	489
447	490
447	494
447	497
447	498
447	500
448	19
448	28
448	77
448	87
448	90
448	203
448	212
448	259
448	264
448	269
448	278
448	347
448	353
448	382
448	389
448	427
448	433
448	436
448	437
448	447
448	468
448	474
448	476
448	478
448	479
448	488
448	489
448	490
448	491
448	494
448	497
448	498
448	500
449	53
449	94
449	127
449	138
449	166
449	189
449	208
449	243
449	253
449	286
449	311
449	314
449	324
449	352
449	363
449	370
449	376
449	380
449	386
449	405
449	407
449	414
449	425
449	433
449	440
449	451
449	457
449	461
449	463
449	466
449	483
449	492
449	496
450	14
450	27
450	51
450	134
450	160
450	255
450	258
450	261
450	268
450	298
450	302
450	308
450	328
450	340
450	351
450	356
450	362
450	368
450	369
450	384
450	396
450	397
450	415
450	420
450	426
450	428
450	435
450	442
450	444
450	446
450	460
450	464
450	467
450	483
451	37
451	152
451	154
451	155
451	193
451	247
451	273
451	314
451	315
451	324
451	363
451	365
451	370
451	378
451	379
451	386
451	407
451	411
451	417
451	425
451	433
451	438
451	440
451	449
451	457
451	459
451	460
451	461
451	463
451	466
451	483
451	492
451	493
451	496
452	45
452	48
452	60
452	66
452	115
452	131
452	132
452	161
452	165
452	172
452	177
452	178
452	235
452	246
452	249
452	307
452	317
452	329
452	339
452	344
452	354
452	371
452	372
452	377
452	383
452	409
452	412
452	441
452	462
452	469
452	475
452	481
452	482
452	497
453	84
453	118
453	136
453	170
453	171
453	205
453	219
453	232
453	266
453	269
453	275
453	293
453	294
453	309
453	357
453	358
453	366
453	381
453	383
453	387
453	394
453	395
453	413
453	419
453	422
453	429
453	440
453	465
453	471
453	484
453	485
453	486
453	495
453	499
454	49
454	58
454	80
454	81
454	93
454	97
454	103
454	125
454	144
454	167
454	168
454	186
454	192
454	215
454	258
454	263
454	282
454	296
454	305
454	310
454	323
454	326
454	373
454	399
454	403
454	416
454	423
454	430
454	432
454	437
454	456
454	470
454	480
454	487
455	45
455	60
455	114
455	115
455	117
455	131
455	132
455	153
455	161
455	165
455	172
455	178
455	246
455	249
455	257
455	292
455	306
455	307
455	317
455	322
455	329
455	344
455	354
455	372
455	377
455	409
455	411
455	412
455	441
455	462
455	469
455	475
455	481
455	482
455	486
456	41
456	52
456	58
456	80
456	103
456	108
456	109
456	121
456	125
456	144
456	145
456	168
456	186
456	192
456	263
456	282
456	296
456	305
456	306
456	310
456	323
456	326
456	332
456	373
456	416
456	423
456	430
456	432
456	437
456	440
456	454
456	470
456	473
456	480
456	487
457	37
457	53
457	86
457	137
457	155
457	185
457	216
457	234
457	241
457	286
457	311
457	314
457	315
457	316
457	324
457	330
457	352
457	363
457	365
457	400
457	407
457	410
457	417
457	425
457	438
457	440
457	443
457	449
457	451
457	463
457	466
457	483
457	493
457	496
457	497
458	47
458	77
458	87
458	90
458	158
458	162
458	194
458	195
458	229
458	245
458	259
458	264
458	299
458	338
458	347
458	348
458	359
458	376
458	389
458	397
458	398
458	425
458	427
458	436
458	439
458	468
458	472
458	474
458	476
458	478
458	488
458	491
458	494
458	497
458	500
459	9
459	37
459	53
459	69
459	138
459	166
459	189
459	193
459	241
459	273
459	311
459	316
459	324
459	352
459	363
459	365
459	370
459	378
459	379
459	400
459	407
459	410
459	414
459	433
459	438
459	440
459	443
459	451
459	461
459	463
459	466
459	477
459	483
459	492
459	493
460	14
460	26
460	46
460	51
460	89
460	160
460	202
460	204
460	227
460	255
460	258
460	261
460	298
460	302
460	308
460	328
460	340
460	351
460	356
460	362
460	369
460	384
460	396
460	415
460	420
460	426
460	428
460	435
460	442
460	444
460	446
460	450
460	451
460	464
460	467
460	481
461	66
461	86
461	99
461	189
461	193
461	241
461	273
461	311
461	319
461	324
461	337
461	343
461	352
461	365
461	370
461	379
461	386
461	400
461	405
461	410
461	414
461	417
461	433
461	438
461	440
461	443
461	449
461	451
461	459
461	463
461	466
461	483
461	492
461	493
461	494
461	496
462	45
462	48
462	114
462	117
462	131
462	132
462	153
462	165
462	172
462	177
462	246
462	249
462	257
462	303
462	307
462	317
462	322
462	329
462	339
462	341
462	344
462	354
462	366
462	371
462	372
462	377
462	409
462	411
462	412
462	441
462	452
462	455
462	467
462	469
462	475
462	481
462	482
463	57
463	80
463	86
463	127
463	154
463	166
463	189
463	193
463	243
463	286
463	311
463	312
463	314
463	315
463	337
463	343
463	363
463	379
463	388
463	400
463	404
463	407
463	410
463	417
463	425
463	438
463	440
463	449
463	451
463	457
463	459
463	461
463	466
463	483
463	492
463	493
463	496
464	38
464	46
464	51
464	89
464	134
464	160
464	202
464	204
464	208
464	255
464	258
464	261
464	268
464	298
464	302
464	308
464	328
464	340
464	351
464	356
464	362
464	369
464	374
464	384
464	396
464	415
464	420
464	426
464	427
464	428
464	435
464	442
464	444
464	446
464	450
464	460
464	467
465	11
465	25
465	36
465	96
465	101
465	107
465	118
465	171
465	173
465	205
465	219
465	232
465	234
465	266
465	294
465	297
465	320
465	341
465	357
465	358
465	378
465	380
465	383
465	387
465	394
465	413
465	419
465	422
465	429
465	453
465	471
465	484
465	485
465	486
465	495
465	496
465	499
466	53
466	137
466	138
466	154
466	155
466	166
466	185
466	208
466	216
466	243
466	253
466	273
466	286
466	311
466	319
466	334
466	343
466	378
466	386
466	391
466	400
466	405
466	407
466	410
466	414
466	433
466	443
466	449
466	451
466	457
466	459
466	461
466	463
466	479
466	483
466	490
466	492
466	493
467	26
467	27
467	46
467	51
467	89
467	134
467	160
467	204
467	237
467	255
467	258
467	261
467	268
467	298
467	302
467	308
467	328
467	340
467	351
467	356
467	362
467	369
467	372
467	384
467	396
467	415
467	420
467	426
467	428
467	435
467	442
467	444
467	446
467	450
467	460
467	462
467	464
467	490
468	6
468	54
468	70
468	77
468	90
468	97
468	120
468	138
468	176
468	192
468	194
468	196
468	212
468	240
468	259
468	264
468	271
468	335
468	353
468	382
468	390
468	397
468	439
468	447
468	448
468	458
468	472
468	474
468	477
468	478
468	479
468	488
468	489
468	491
468	494
468	497
468	498
468	500
469	60
469	66
469	114
469	115
469	117
469	131
469	132
469	153
469	161
469	165
469	172
469	178
469	246
469	249
469	257
469	262
469	307
469	317
469	322
469	329
469	341
469	344
469	347
469	354
469	371
469	372
469	377
469	388
469	409
469	411
469	413
469	441
469	452
469	455
469	462
469	475
469	481
469	482
469	493
470	41
470	49
470	52
470	80
470	92
470	93
470	97
470	103
470	108
470	138
470	145
470	186
470	192
470	215
470	260
470	263
470	282
470	296
470	305
470	306
470	310
470	323
470	326
470	332
470	373
470	390
470	399
470	403
470	416
470	423
470	430
470	432
470	437
470	454
470	456
470	473
470	480
470	483
470	487
471	5
471	84
471	107
471	109
471	122
471	136
471	170
471	171
471	173
471	205
471	218
471	219
471	232
471	234
471	238
471	239
471	266
471	269
471	275
471	291
471	293
471	294
471	320
471	357
471	358
471	383
471	387
471	394
471	395
471	419
471	422
471	431
471	446
471	453
471	465
471	484
471	486
471	495
471	499
472	47
472	62
472	67
472	68
472	77
472	90
472	142
472	162
472	167
472	244
472	259
472	264
472	271
472	335
472	338
472	350
472	376
472	389
472	390
472	392
472	397
472	401
472	436
472	439
472	443
472	447
472	458
472	468
472	474
472	476
472	477
472	478
472	479
472	489
472	490
472	491
472	497
472	498
472	500
473	41
473	49
473	52
473	58
473	80
473	93
473	97
473	103
473	108
473	125
473	144
473	145
473	174
473	186
473	192
473	215
473	225
473	260
473	263
473	296
473	306
473	310
473	323
473	326
473	332
473	373
473	399
473	403
473	416
473	423
473	430
473	432
473	437
473	442
473	456
473	470
473	480
473	487
473	497
474	19
474	32
474	47
474	92
474	120
474	194
474	198
474	230
474	240
474	244
474	264
474	335
474	353
474	354
474	359
474	376
474	382
474	389
474	390
474	392
474	398
474	416
474	436
474	439
474	448
474	458
474	468
474	472
474	477
474	479
474	487
474	488
474	489
474	490
474	491
474	494
474	497
474	498
474	500
475	30
475	45
475	48
475	60
475	66
475	115
475	117
475	132
475	153
475	161
475	165
475	172
475	177
475	178
475	241
475	246
475	249
475	262
475	291
475	307
475	317
475	322
475	329
475	339
475	341
475	344
475	354
475	371
475	372
475	377
475	396
475	409
475	411
475	441
475	452
475	455
475	462
475	469
475	481
475	482
476	6
476	29
476	39
476	46
476	47
476	70
476	92
476	158
476	162
476	196
476	212
476	229
476	230
476	271
476	278
476	338
476	353
476	376
476	382
476	389
476	392
476	397
476	398
476	406
476	420
476	427
476	439
476	447
476	448
476	458
476	472
476	477
476	478
476	479
476	488
476	489
476	491
476	494
476	497
476	498
477	28
477	32
477	39
477	54
477	92
477	102
477	158
477	162
477	229
477	230
477	264
477	277
477	335
477	350
477	353
477	359
477	389
477	392
477	397
477	398
477	401
477	427
477	436
477	439
477	447
477	459
477	468
477	472
477	474
477	476
477	479
477	482
477	488
477	489
477	490
477	491
477	494
477	497
477	498
477	500
478	19
478	28
478	47
478	54
478	70
478	90
478	118
478	142
478	162
478	196
478	203
478	213
478	229
478	230
478	240
478	245
478	278
478	382
478	389
478	392
478	397
478	398
478	427
478	436
478	439
478	447
478	448
478	458
478	468
478	472
478	476
478	479
478	481
478	488
478	489
478	490
478	491
478	492
478	494
478	497
478	498
479	6
479	28
479	120
479	158
479	194
479	196
479	203
479	212
479	240
479	244
479	245
479	264
479	300
479	335
479	338
479	350
479	353
479	359
479	369
479	382
479	390
479	398
479	427
479	439
479	447
479	448
479	466
479	468
479	472
479	474
479	476
479	477
479	478
479	484
479	488
479	490
479	491
479	494
479	497
479	498
479	500
480	14
480	41
480	49
480	58
480	80
480	82
480	85
480	93
480	97
480	103
480	108
480	144
480	145
480	168
480	186
480	192
480	215
480	260
480	263
480	282
480	296
480	305
480	306
480	310
480	326
480	332
480	360
480	373
480	399
480	403
480	416
480	423
480	430
480	432
480	437
480	447
480	454
480	456
480	470
480	473
480	487
481	45
481	48
481	60
481	66
481	114
481	115
481	117
481	131
481	132
481	153
481	161
481	165
481	172
481	177
481	178
481	246
481	249
481	262
481	282
481	307
481	317
481	322
481	329
481	339
481	341
481	344
481	348
481	371
481	372
481	377
481	409
481	411
481	412
481	441
481	452
481	455
481	460
481	462
481	469
481	475
481	478
481	482
482	45
482	48
482	60
482	66
482	114
482	115
482	117
482	131
482	132
482	151
482	153
482	161
482	165
482	172
482	177
482	178
482	246
482	257
482	262
482	307
482	317
482	339
482	341
482	344
482	351
482	354
482	371
482	372
482	377
482	400
482	409
482	411
482	412
482	430
482	441
482	452
482	455
482	462
482	469
482	475
482	477
482	481
483	37
483	57
483	137
483	154
483	166
483	208
483	241
483	273
483	286
483	294
483	311
483	314
483	315
483	316
483	319
483	337
483	343
483	352
483	363
483	370
483	378
483	386
483	400
483	409
483	414
483	417
483	425
483	433
483	438
483	440
483	449
483	450
483	451
483	457
483	459
483	461
483	463
483	466
483	470
483	492
483	493
483	496
484	5
484	11
484	22
484	36
484	84
484	96
484	101
484	103
484	107
484	118
484	169
484	170
484	171
484	173
484	205
484	234
484	239
484	255
484	275
484	293
484	294
484	297
484	320
484	357
484	358
484	380
484	383
484	387
484	394
484	395
484	413
484	419
484	422
484	429
484	453
484	465
484	471
484	479
484	485
484	486
484	495
484	499
485	5
485	8
485	11
485	36
485	96
485	101
485	109
485	136
485	171
485	173
485	205
485	218
485	219
485	232
485	239
485	266
485	269
485	291
485	294
485	297
485	309
485	313
485	314
485	320
485	336
485	357
485	358
485	380
485	383
485	387
485	390
485	394
485	395
485	413
485	419
485	422
485	429
485	453
485	465
485	484
485	486
485	495
485	499
486	5
486	11
486	22
486	36
486	96
486	101
486	107
486	109
486	118
486	142
486	205
486	218
486	232
486	234
486	239
486	266
486	275
486	291
486	293
486	297
486	309
486	320
486	336
486	357
486	358
486	380
486	383
486	387
486	394
486	395
486	410
486	413
486	419
486	422
486	426
486	453
486	455
486	465
486	471
486	484
486	485
486	495
486	499
487	41
487	49
487	52
487	58
487	76
487	80
487	93
487	97
487	103
487	108
487	144
487	145
487	168
487	186
487	192
487	215
487	233
487	260
487	263
487	282
487	296
487	305
487	306
487	310
487	323
487	326
487	332
487	373
487	382
487	399
487	403
487	416
487	423
487	430
487	432
487	437
487	438
487	454
487	456
487	470
487	473
487	474
487	480
488	10
488	32
488	51
488	67
488	87
488	92
488	120
488	194
488	196
488	203
488	240
488	245
488	259
488	264
488	278
488	292
488	335
488	338
488	347
488	350
488	353
488	380
488	382
488	389
488	390
488	397
488	398
488	401
488	427
488	436
488	439
488	447
488	448
488	458
488	468
488	474
488	476
488	477
488	478
488	479
488	491
488	494
488	498
489	20
489	39
489	67
489	70
489	77
489	108
489	196
489	203
489	229
489	230
489	240
489	244
489	245
489	278
489	305
489	335
489	338
489	350
489	353
489	359
489	376
489	382
489	392
489	397
489	398
489	401
489	412
489	424
489	436
489	439
489	447
489	448
489	468
489	472
489	474
489	476
489	477
489	478
489	490
489	491
489	494
489	497
489	498
489	500
490	22
490	28
490	32
490	47
490	77
490	87
490	92
490	120
490	158
490	212
490	229
490	230
490	239
490	240
490	244
490	259
490	278
490	335
490	350
490	359
490	376
490	382
490	389
490	390
490	392
490	397
490	401
490	427
490	436
490	447
490	448
490	466
490	467
490	472
490	474
490	477
490	478
490	479
490	489
490	491
490	494
490	496
490	497
490	498
490	500
491	3
491	6
491	28
491	32
491	47
491	87
491	92
491	160
491	162
491	194
491	212
491	240
491	244
491	259
491	338
491	347
491	350
491	353
491	376
491	382
491	389
491	390
491	397
491	398
491	401
491	427
491	429
491	439
491	441
491	448
491	458
491	468
491	472
491	474
491	476
491	477
491	478
491	479
491	488
491	489
491	490
491	494
491	497
491	498
491	500
492	37
492	137
492	138
492	139
492	154
492	155
492	165
492	166
492	189
492	208
492	216
492	241
492	243
492	273
492	286
492	311
492	314
492	315
492	316
492	337
492	343
492	352
492	370
492	378
492	379
492	400
492	405
492	407
492	410
492	414
492	417
492	433
492	434
492	438
492	440
492	443
492	449
492	451
492	459
492	461
492	463
492	466
492	478
492	483
492	493
492	496
493	53
493	57
493	86
493	137
493	154
493	155
493	166
493	193
493	208
493	216
493	241
493	243
493	273
493	286
493	311
493	314
493	315
493	324
493	334
493	337
493	341
493	343
493	363
493	365
493	370
493	378
493	386
493	400
493	405
493	407
493	410
493	417
493	433
493	438
493	440
493	443
493	451
493	457
493	459
493	461
493	463
493	466
493	469
493	483
493	492
493	494
493	496
494	19
494	54
494	67
494	87
494	124
494	142
494	158
494	196
494	203
494	212
494	230
494	240
494	245
494	278
494	323
494	335
494	347
494	350
494	353
494	359
494	376
494	382
494	389
494	390
494	392
494	397
494	398
494	401
494	436
494	439
494	441
494	447
494	448
494	458
494	461
494	468
494	474
494	476
494	477
494	478
494	479
494	488
494	489
494	490
494	491
494	493
494	500
495	5
495	11
495	36
495	53
495	96
495	101
495	107
495	109
495	118
495	136
495	170
495	171
495	205
495	218
495	219
495	232
495	234
495	239
495	266
495	269
495	275
495	291
495	293
495	297
495	309
495	318
495	322
495	336
495	357
495	358
495	380
495	383
495	387
495	394
495	395
495	413
495	419
495	422
495	429
495	453
495	465
495	471
495	484
495	485
495	486
495	498
495	499
496	53
496	127
496	137
496	138
496	154
496	155
496	166
496	185
496	189
496	216
496	241
496	246
496	253
496	273
496	286
496	314
496	316
496	319
496	321
496	324
496	337
496	343
496	363
496	365
496	370
496	378
496	379
496	386
496	400
496	405
496	410
496	417
496	425
496	433
496	436
496	438
496	440
496	443
496	449
496	451
496	457
496	461
496	463
496	465
496	483
496	490
496	492
496	493
497	32
497	39
497	47
497	54
497	70
497	77
497	120
497	142
497	158
497	162
497	194
497	203
497	212
497	221
497	244
497	264
497	271
497	276
497	278
497	338
497	350
497	353
497	376
497	390
497	392
497	397
497	398
497	401
497	436
497	439
497	447
497	448
497	452
497	457
497	458
497	468
497	472
497	473
497	474
497	476
497	477
497	478
497	479
497	489
497	490
497	491
497	498
497	500
498	19
498	28
498	39
498	87
498	142
498	196
498	203
498	212
498	229
498	230
498	240
498	244
498	251
498	259
498	264
498	278
498	335
498	336
498	338
498	347
498	350
498	353
498	359
498	382
498	389
498	397
498	398
498	401
498	416
498	419
498	427
498	439
498	447
498	448
498	468
498	472
498	474
498	476
498	477
498	478
498	479
498	488
498	489
498	490
498	491
498	495
498	497
498	500
499	5
499	11
499	22
499	36
499	54
499	84
499	101
499	107
499	109
499	118
499	136
499	170
499	171
499	218
499	219
499	232
499	234
499	236
499	239
499	266
499	267
499	269
499	275
499	291
499	293
499	294
499	297
499	309
499	316
499	318
499	336
499	357
499	358
499	380
499	383
499	387
499	394
499	395
499	413
499	419
499	422
499	429
499	453
499	465
499	471
499	484
499	485
499	486
499	495
500	6
500	19
500	26
500	39
500	47
500	54
500	70
500	77
500	87
500	90
500	92
500	142
500	158
500	194
500	196
500	229
500	245
500	259
500	271
500	278
500	317
500	352
500	353
500	355
500	359
500	376
500	379
500	382
500	389
500	390
500	392
500	398
500	401
500	427
500	439
500	447
500	448
500	458
500	468
500	472
500	474
500	477
500	479
500	489
500	490
500	491
500	494
500	497
500	498
